0.078319,0.310802,0.518678,0.518763,0.000000,0.721619,0.721707,200
0.000713,0.195858,0.404133,0.404216,0.000000,0.606477,0.606597,200
0.000828,0.201697,0.358507,0.358589,0.000000,0.496523,0.496622,200
0.000684,0.196582,0.404105,0.404188,0.000000,0.606752,0.606851,200
0.002572,0.131121,0.317446,0.317534,0.000000,0.457437,0.457530,200
0.000761,0.194910,0.402275,0.402358,0.000000,0.541879,0.541964,200
0.000728,0.136610,0.404007,0.404120,0.000000,0.607141,0.607236,200
0.000725,0.165742,0.327853,0.327943,0.000000,0.466432,0.466535,200
0.000647,0.132087,0.340925,0.341053,0.000000,0.479305,0.479435,200
0.000649,0.191707,0.350062,0.350151,0.000000,0.499943,0.500047,200
0.000738,0.196252,0.403808,0.403889,0.000000,0.607056,0.607140,200
0.000706,0.122405,0.403275,0.403362,0.000000,0.606051,0.606157,200
0.002746,0.121580,0.286436,0.286520,0.000000,0.430953,0.431046,200
0.000712,0.195633,0.403219,0.403348,0.000000,0.533635,0.533806,200
0.002028,0.127979,0.289524,0.289573,0.000000,0.425877,0.425971,200
0.003204,0.144594,0.306472,0.306554,0.000000,0.452730,0.452824,200
0.002823,0.128543,0.291658,0.291723,0.000000,0.433016,0.433099,200
0.001544,0.138852,0.301700,0.301799,0.000000,0.506150,0.506239,200
0.000709,0.171684,0.322616,0.322731,0.000000,0.458345,0.458383,200
0.001536,0.171786,0.334762,0.334884,0.000000,0.480909,0.481029,200
0.002620,0.123041,0.285251,0.285332,0.000000,0.435603,0.435712,200
0.002651,0.132529,0.392686,0.392767,0.000000,0.597611,0.597701,200
0.002683,0.126198,0.297074,0.297156,0.000000,0.435205,0.435301,200
0.002718,0.194845,0.370759,0.370783,0.000000,0.514174,0.514267,200
0.002853,0.132325,0.297510,0.297639,0.000000,0.500848,0.500943,200
0.002776,0.135048,0.292412,0.292433,0.000000,0.443416,0.443532,200
0.001814,0.126545,0.280763,0.280887,0.000000,0.429064,0.429106,200
0.000779,0.164310,0.323499,0.323528,0.000000,0.463255,0.463283,200
0.000983,0.147990,0.292878,0.292985,0.000000,0.432865,0.432961,200
0.001442,0.120119,0.269314,0.269341,0.000000,0.435994,0.436056,200
0.002627,0.125466,0.284642,0.284723,0.000000,0.428415,0.428530,200
0.000900,0.135802,0.297878,0.297959,0.000000,0.431876,0.431995,200
0.002509,0.129931,0.270433,0.270468,0.000000,0.436168,0.436268,200
0.002826,0.194080,0.401349,0.401425,0.000000,0.598416,0.598512,200
0.002535,0.122388,0.286148,0.286247,0.000000,0.459295,0.459377,200
0.002733,0.137668,0.339984,0.340081,0.000000,0.493281,0.493401,200
0.002520,0.153691,0.309890,0.310024,0.000000,0.447094,0.447125,200
0.002481,0.136619,0.284494,0.284514,0.000000,0.425317,0.425356,200
0.001113,0.125930,0.267262,0.267282,0.000000,0.423688,0.423719,200
0.001367,0.134716,0.297438,0.297468,0.000000,0.433891,0.433934,200
0.002593,0.123817,0.276073,0.276126,0.000000,0.409571,0.409674,200
0.002539,0.129806,0.282778,0.282855,0.000000,0.421792,0.421833,200
0.001061,0.129579,0.284332,0.284394,0.000000,0.414579,0.414616,200
0.002490,0.181741,0.389808,0.389898,0.000000,0.592354,0.592449,200
0.000712,0.199536,0.404206,0.404331,0.000000,0.606386,0.606481,200
0.002647,0.130402,0.283434,0.283490,0.000000,0.431849,0.431937,200
0.002679,0.202140,0.409818,0.409904,0.000000,0.560984,0.561079,200
0.002456,0.195698,0.404738,0.404821,0.000000,0.606160,0.606252,200
0.002600,0.139070,0.291783,0.291816,0.000000,0.419593,0.419684,200
0.002819,0.137402,0.306789,0.306870,0.000000,0.457428,0.457494,200
0.001029,0.150394,0.296687,0.296764,0.000000,0.435035,0.435138,200
0.000731,0.130150,0.289021,0.289107,0.000000,0.441720,0.441800,200
0.002466,0.127186,0.288509,0.288584,0.000000,0.424716,0.424816,200
0.000695,0.218216,0.403233,0.403361,0.000000,0.605728,0.605814,200
0.000735,0.217391,0.381173,0.381295,0.000000,0.627882,0.628003,200
0.002795,0.132355,0.335992,0.336074,0.000000,0.539170,0.539277,200
0.000692,0.196979,0.404202,0.404325,0.000000,0.607308,0.607445,200
0.000703,0.126807,0.282136,0.282216,0.000000,0.424667,0.424752,200
0.000723,0.230910,0.397104,0.397229,0.000000,0.532318,0.532404,200
0.000695,0.153929,0.425336,0.425459,0.000000,0.628390,0.628474,200
0.002709,0.132713,0.301384,0.301423,0.000000,0.439218,0.439305,200
0.002694,0.136564,0.286935,0.287019,0.000000,0.423943,0.424031,200
0.003885,0.156322,0.319456,0.319538,0.000000,0.454506,0.454588,200
0.003388,0.140299,0.284910,0.284986,0.000000,0.430291,0.430394,200
0.000716,0.132614,0.306817,0.306900,0.000000,0.435770,0.435870,200
0.002930,0.132364,0.300141,0.300223,0.000000,0.449651,0.449712,200
0.002856,0.139082,0.363265,0.363357,0.000000,0.501159,0.501256,200
0.003084,0.121681,0.282508,0.282590,0.000000,0.412236,0.412326,200
0.002835,0.188881,0.355032,0.355121,0.000000,0.651133,0.651224,200
0.002977,0.193836,0.352642,0.352741,0.000000,0.501342,0.501391,200
0.000714,0.137907,0.281093,0.281123,0.000000,0.459737,0.459821,200
0.000709,0.122158,0.287211,0.287238,0.000000,0.422929,0.423040,200
0.000715,0.122640,0.266850,0.266881,0.000000,0.403991,0.404060,200
0.002842,0.123630,0.286717,0.286801,0.000000,0.527620,0.527727,200
0.002533,0.193821,0.401445,0.401528,0.000000,0.534660,0.534774,200
0.002762,0.134410,0.304359,0.304443,0.000000,0.507803,0.507853,200
0.002811,0.136200,0.305809,0.305898,0.000000,0.458457,0.458546,200
0.000706,0.140250,0.287127,0.287146,0.000000,0.416081,0.416166,200
0.002722,0.126864,0.290810,0.290890,0.000000,0.427711,0.427756,200
0.000709,0.128009,0.313720,0.313803,0.000000,0.462422,0.462506,200
0.000766,0.143480,0.310213,0.310297,0.000000,0.469898,0.469987,200
0.002824,0.133103,0.282911,0.282992,0.000000,0.418666,0.418756,200
0.002664,0.129426,0.293770,0.293857,0.000000,0.423354,0.423400,200
0.002726,0.127448,0.267110,0.267225,0.000000,0.407844,0.407960,200
0.000734,0.129556,0.299148,0.299232,0.000000,0.433825,0.433908,200
0.000738,0.135549,0.310859,0.310941,0.000000,0.459531,0.459641,200
0.002751,0.156838,0.314962,0.315047,0.000000,0.462270,0.462325,200
0.000691,0.124606,0.287974,0.288069,0.000000,0.425634,0.425724,200
0.002822,0.121735,0.292239,0.292324,0.000000,0.422370,0.422474,200
0.002749,0.140353,0.320315,0.320399,0.000000,0.455690,0.455784,200
0.002691,0.122076,0.285244,0.285327,0.000000,0.419981,0.420069,200
0.000772,0.128199,0.283050,0.283132,0.000000,0.426070,0.426156,200
0.002720,0.128799,0.295214,0.295299,0.000000,0.436084,0.436179,200
0.002874,0.131448,0.292540,0.292620,0.000000,0.440547,0.440656,200
0.002683,0.130075,0.293360,0.293442,0.000000,0.430195,0.430295,200
0.002924,0.119988,0.283549,0.283669,0.000000,0.415551,0.415646,200
0.002701,0.212145,0.372782,0.372863,0.000000,0.517622,0.517728,200
0.003093,0.146964,0.303588,0.303673,0.000000,0.433207,0.433307,200
0.000702,0.122576,0.284073,0.284163,0.000000,0.507651,0.507736,200
0.002729,0.229462,0.370752,0.370836,0.000000,0.496381,0.496477,200
0.002687,0.130547,0.301585,0.301669,0.000000,0.444342,0.444439,200
0.000735,0.207992,0.415628,0.415731,0.000000,0.618685,0.618782,200
0.000694,0.196025,0.358887,0.358967,0.000000,0.504236,0.504323,200
0.000699,0.216065,0.375828,0.375910,0.000000,0.678340,0.678435,200
0.000726,0.127696,0.271008,0.271041,0.000000,0.407873,0.407970,200
0.002612,0.139732,0.307410,0.307489,0.000000,0.537393,0.537484,200
0.000687,0.196410,0.403968,0.404054,0.000000,0.607123,0.607221,200
0.000738,0.128780,0.302007,0.302088,0.000000,0.434577,0.434668,200
0.000738,0.140268,0.347943,0.348026,0.000000,0.504364,0.504447,200
0.000737,0.143891,0.351399,0.351480,0.000000,0.501460,0.501552,200
0.000718,0.126835,0.314495,0.314542,0.000000,0.495468,0.495564,200
0.002665,0.139131,0.368250,0.368331,0.000000,0.570859,0.570949,200
0.000756,0.136914,0.299880,0.299961,0.000000,0.453550,0.453647,200
0.000697,0.195908,0.355881,0.355903,0.000000,0.511517,0.511608,200
0.000711,0.195488,0.403075,0.403158,0.000000,0.605964,0.606055,200
0.002720,0.139575,0.299904,0.300030,0.000000,0.443202,0.443297,200
0.002701,0.125144,0.265223,0.265305,0.000000,0.408583,0.408673,200
0.002818,0.136950,0.298141,0.298223,0.000000,0.445395,0.445485,200
0.000694,0.131092,0.292010,0.292094,0.000000,0.427539,0.427664,200
0.002506,0.123059,0.293998,0.294085,0.000000,0.430819,0.430908,200
0.000696,0.131221,0.286931,0.287012,0.000000,0.430041,0.430132,200
0.000688,0.138366,0.306229,0.306313,0.000000,0.443847,0.443932,200
0.000704,0.130894,0.403172,0.403304,0.000000,0.541119,0.541239,200
0.000852,0.131583,0.289301,0.289386,0.000000,0.521401,0.521483,200
0.000764,0.135682,0.289866,0.289949,0.000000,0.508850,0.508940,200
0.000693,0.129091,0.344116,0.344199,0.000000,0.477326,0.477420,200
0.000652,0.126925,0.288844,0.288973,0.000000,0.424545,0.424677,200
0.002762,0.128955,0.305853,0.305936,0.000000,0.508729,0.508822,200
