Connected via non-mptcp
0.021382,0.033781,0.068191,0.068244,0.000000,0.086688,0.086788,200
Connected via non-mptcp
0.018048,0.031121,0.066977,0.067088,0.000000,0.326549,0.326631,200
Connected via non-mptcp
0.018220,0.031709,0.065483,0.065540,0.000000,0.085275,0.085364,200
Connected via non-mptcp
0.020013,0.031674,0.066354,0.066451,0.000000,0.104333,0.104467,301
Connected via non-mptcp
0.017597,0.031248,0.065017,0.065078,0.000000,0.086275,0.086358,200
Connected via non-mptcp
0.055861,0.069818,0.107726,0.107829,0.000000,0.144791,0.144894,301
Connected via non-mptcp
0.018164,0.031584,0.067925,0.067975,0.000000,0.086972,0.087052,200
Connected via non-mptcp
0.001238,0.013883,0.046679,0.046703,0.000000,0.066326,0.066381,200
Connected via non-mptcp
0.000788,0.014050,0.045860,0.045919,0.000000,0.065307,0.065387,200
Connected via non-mptcp
0.001205,0.013892,0.047566,0.047619,0.000000,0.067402,0.067480,200
Connected via non-mptcp
0.001760,0.015676,0.050561,0.050615,0.000000,0.072054,0.072131,200
Connected via non-mptcp
0.001321,0.014145,0.046879,0.046939,0.000000,0.066395,0.066474,200
Connected via non-mptcp
0.001151,0.013914,0.046659,0.046709,0.000000,0.066650,0.066785,200
Connected via non-mptcp
0.001443,0.014529,0.048200,0.048356,0.000000,0.068327,0.068417,200
Connected via non-mptcp
0.001280,0.014004,0.046901,0.046962,0.000000,0.067621,0.067733,200
Connected via non-mptcp
0.000930,0.014160,0.046663,0.046709,0.000000,0.066412,0.066488,200
Connected via non-mptcp
0.000882,0.013943,0.049111,0.049173,0.000000,0.067999,0.068071,200
Connected via non-mptcp
0.001079,0.014167,0.047358,0.047404,0.000000,0.067992,0.068079,200
Connected via non-mptcp
0.001535,0.014475,0.047648,0.047703,0.000000,0.067229,0.067317,200
Connected via non-mptcp
0.001078,0.014068,0.045927,0.045971,0.000000,0.066039,0.066115,200
Connected via non-mptcp
0.000864,0.014549,0.044385,0.044441,0.000000,0.062874,0.062948,200
Connected via non-mptcp
0.001169,0.014576,0.050404,0.050457,0.000000,0.070144,0.070223,200
Connected via non-mptcp
0.001095,0.014118,0.050053,0.050183,0.000000,0.070740,0.070834,200
Connected via non-mptcp
0.001229,0.013729,0.046701,0.046801,0.000000,0.066179,0.066284,200
Connected via non-mptcp
0.001283,0.014134,0.047928,0.047982,0.000000,0.066608,0.066691,200
Connected via non-mptcp
0.000969,0.014044,0.047837,0.047886,0.000000,0.068603,0.068707,200
Connected via non-mptcp
0.001640,0.014721,0.049266,0.049320,0.000000,0.067934,0.068011,200
Connected via non-mptcp
0.001664,0.015453,0.050365,0.050439,0.000000,0.070798,0.070883,200
Connected via non-mptcp
0.001150,0.015220,0.051402,0.051499,0.000000,0.071814,0.071889,200
Connected via non-mptcp
0.001372,0.014567,0.045480,0.045548,0.000000,0.067735,0.067841,200
Connected via non-mptcp
0.001110,0.013862,0.046762,0.046819,0.000000,0.066436,0.066529,200
Connected via non-mptcp
0.001461,0.015294,0.049422,0.049474,0.000000,0.069148,0.069227,200
