Connected via udp
0.002648,0.051270,0.000000,0.051429,0.000000,0.074614,0.074669,200
Connected via udp
0.002125,0.045689,0.000000,0.045726,0.000000,0.299941,0.300037,200
Connected via udp
0.001816,0.046620,0.000000,0.046662,0.000000,0.071000,0.071061,200
Connected via udp
0.002131,0.047084,0.000000,0.047125,0.000000,0.094736,0.094854,301
Connected via udp
0.002403,0.047405,0.000000,0.047437,0.000000,0.074835,0.074880,200
Connected via udp
0.002072,0.048628,0.000000,0.048665,0.000000,0.096065,0.096174,301
Connected via udp
0.001832,0.047220,0.000000,0.047251,0.000000,0.071931,0.071991,200
Connected via udp
0.001092,0.043574,0.000000,0.043616,0.000000,0.062319,0.062358,200
Connected via udp
0.001829,0.045793,0.000000,0.045832,0.000000,0.069016,0.069073,200
Connected via udp
0.001856,0.044611,0.000000,0.044643,0.000000,0.067945,0.067998,200
Connected via udp
0.001821,0.048636,0.000000,0.048666,0.000000,0.073072,0.073140,200
Connected via udp
0.001837,0.046268,0.000000,0.046298,0.000000,0.066671,0.066722,200
Connected via udp
0.001833,0.046036,0.000000,0.046076,0.000000,0.071744,0.071807,200
Connected via udp
0.001659,0.045428,0.000000,0.045461,0.000000,0.071081,0.071154,200
Connected via udp
0.001798,0.045692,0.000000,0.045723,0.000000,0.064399,0.064443,200
Connected via udp
0.002226,0.048666,0.000000,0.048702,0.000000,0.073190,0.073231,200
Connected via udp
0.002115,0.049746,0.000000,0.049777,0.000000,0.072652,0.072706,200
Connected via udp
0.001797,0.049133,0.000000,0.049164,0.000000,0.075029,0.075107,200
Connected via udp
0.001768,0.046799,0.000000,0.046831,0.000000,0.072245,0.072308,200
Connected via udp
0.001787,0.048785,0.000000,0.048819,0.000000,0.073356,0.073400,200
Connected via udp
0.001786,0.045624,0.000000,0.045661,0.000000,0.069964,0.070016,200
Connected via udp
0.001803,0.049561,0.000000,0.049593,0.000000,0.074849,0.074896,200
Connected via udp
0.001807,0.045339,0.000000,0.045370,0.000000,0.064295,0.064341,200
Connected via udp
0.001881,0.047005,0.000000,0.047044,0.000000,0.071385,0.071453,200
Connected via udp
0.001806,0.046413,0.000000,0.046459,0.000000,0.065333,0.065392,200
Connected via udp
0.001862,0.046227,0.000000,0.046265,0.000000,0.072883,0.072958,200
Connected via udp
0.001794,0.047627,0.000000,0.047664,0.000000,0.083190,0.083274,200
Connected via udp
0.001753,0.054685,0.000000,0.054714,0.000000,0.080364,0.080420,200
Connected via udp
0.001746,0.049495,0.000000,0.049527,0.000000,0.075051,0.075103,200
Connected via udp
0.001870,0.049555,0.000000,0.049607,0.000000,0.073486,0.073540,200
Connected via udp
0.002051,0.048242,0.000000,0.048274,0.000000,0.074046,0.074104,200
Connected via udp
0.001247,0.049753,0.000000,0.049801,0.000000,0.075330,0.075379,200
